2210983
2130980
2109000
2145715
2049716
2090201
3287645
3125564
3347516
2027682
2027704
2126435
2193604
2683857
2407949
2387077
3383334
2323982
2226260
2044706
2235994
2301300
2242508
2144654
2296918
3367070
2142635
2203782
2837846
2365588
2179636
2276992
2123711
2261456
2606640
2324059
2062658
2229269
2057298
2057263
2106213
2150522
2191164
2236109
3292681
2278740
2091739
2219204
2904063
3362183
2719770
2311178
3323250
2184729
3323455
2059754
2902494
2079623
2209985
2249278
2935821
2079674
2945398
2246384
2246333
2252520
2094266
2231239
2009242
2009323
3060926
2654504
2272156
3063968
2820706
2914182
3351530
3101614
2972999
2309807
2960478
2960494
2303930
2942232
3274284
2267268
2826968
2810549
2265516
2190648
2899060
2848406
2780151
3089614
2711800
2789728
2192578
2861836
3358402
2867710
3074161
2203928
2312760
2292106
3296741
3327833
2803771
2884941
3016650
2799910
2194279
2546027
3011747
2431726
3350738
3106586
2870843
2199700
3336948
2231344
2505975
2984164
3302075
3339017
3294668
2140420
2281775
2320746
3324400
3044637
2052105
2219107
2287781
2165414
3025560
3252485
2117401
3171710
2307677
2245493
2222230
2105772
2291231
2169576
2436701
2408945
2317346
2135078
2199068
2843170
2944847
2161273
2053926
3378543
3355314
2221560
2067307
3277593
2915006
2824620
3036677
2938243
2078120
2317273
3247414
2150689
2318830
2229650
2253151
3025098
2290596
2102935
2910004
2152665
2108925
2789507
3329844
3106926
3326403
3069516
3012018
3237915
2175797
2030349
2951762
3380432
2383616
2383691
2178222
2077663
2202093
2803119
3098346
3377822
2278669
3048233
2278111
2263866
2825104
2106752
2080958
2254131
2283808
2010224
2204070
2164736
3100472
2485656
2121581
2289202
2097761
2364468
2364379
3374084
3026167
2440369
2053543
2058243
2668947
2317982
2108275
2108348
2082136
2269090
2636670
2106604
2149818
2187582
2214946
2116928
2116987
2314835
2956349
2246899
2193965
2989220
3045692
2200678
2974622
3374548
2165074
2953005
2254468
2159368
2145006
2180120
2151065
2264005
2163560
2282666
2197146
2219220
2104377
2490145
2474905
3379043
2726939
2944227
3242471
2391961
3384152
3372421
2885913
3009939
3078272
2919257
2518805
3096610
3321541
2818167
3003612
3366944
2272539
3050416
3365280
3067955
3005097
3326900
2063450
2154730
2512572
3303667
3242641
3381943
2592398
2255057
2314711
2940795
2380196
2993422
2998963
2182971
3294803
2248468
2282607
2193124
2497603
3087735
2217295
2909197
2320940
3013677
3082571
3071260
2069741
2891026
2319950
2899558
2309432
2165155
2577470
3380831
3042731
2526123
2225131
3026876
2460394
2317494
2390094
3039668
2439255
2230216
2296888
2172178
3042812
3089410
2275775
3385213
2112671
2818442
2042762
2042800
2170051
2230364
3241947
2096048
3087204
2303086
2794730
2148048
3361810
2302047
2190931
2102056
2043521
2228920
3232751
3043150
3084795
3106969
3089487
2864215
2656159
3019055
3077667
3029077
3284085
3086674
3025276
3088944
2842491
3378217
3045765
3381030
3372588
2064707
3073912
3381390
2103842
2395606
2212005
2893894
2166623
2204908
2164434
2136635
3277747
2732157
3051188
2057999
2180685
2278251
2365936
2366010
2010291
2231964
2260042
2182513
2256002
2165228
2091810
2072351
3383105
2626861
2133520
2288257
2383560
2042886
2042894
2207427
2523620
2149770
2185865
2147300
3050769
2169509
2131668
2049899
2049937
2170442
2247909
2801590
3263541
3218783
2866706
3025349
2840197
3031721
2259095
2190460
3335291
2234190
2019981
2438739
3265650
2905043
2335603
3337200
2977621
2041375
2315157
2217511
2174855
2245507
2162989
3262456
2574454
3255255
2270340
2888866
2841100
3093700
3293629
3379680
2825880
3089215
3242145
3371883
3257495
3232328
2184680
3040593
2291169
2200007
2206030
2278790
3299716
2984350
3264807
3095568
3013944
2399873
2242214
2188287
3337286
2584328
3241920
3070581
2076187
2076144
2184419
3040550
2161893
3093786
3270297
3044165
2085321
2287013
2216175
2285878
2284200
2137445
2191555
3065618
3025179
3021041
2259303
2868903
2286254
2822954
2492989
2234335
2937255
2323060
2778998
2204720
3160130
2873826
2987880
2903920
2116839
3024440
2279819
2303400
2401444
3061213
2548062
2831589
2537788
2105268
2105306
2151839
2123479
2849640
2089165
2121131
3013251
2145529
2776154
3266320
2230143
2564653
2893797
3330192
2274906
2415518
2298058
3370445
3344630
2655764
2707705
3379604
2203340
2444763
3279170
3048241
3250105
2692635
3367800
3367800
3328740
3034690
2549344
3093808
2901404
3315231
2877643
2841517
3327671
2986639
2120909
2980290
3345106
2172461
2255472
2114070
2368455
2239396
2593564
3257215
2275180
3090000
3325830
2104750
2104806
2197529
2976366
2197880
2777347
2969416
3327116
2170477
3269825
3024784
3304230
2871971
3066282
3257959
2811383
3292975
2826682
2882370
3368920
2954613
3024717
2914115
2980088
2284502
2874032
2822890
3076822
3124967
2962063
2830400
2816776
2931427
2841231
2208580
2289245
2267071
2285630
2854414
2914743
2951932
3296148
2286777
2233096
2283700
2245558
2844249
3097544
2155940
2868679
2904870
2246074
2450330
3259935
2607476
2212749
2200120
2289970
2321262
3027732
3016030
3336778
3346285
2917289
2112175
2236249
3382770
3349144
3252876
2256878
3379442
2832151
3167437
2861143
2923530
3090582
2975882
3342760
2321548
2661861
3017940
2322773
3093824
3099555
3273237
3355071
3104656
3311635
2851890
3241580
2873389
2778890
2291690
3332888
3016420
2857162
2302039
2613204
3103382
2813319
2397056
2823357
2192292
2497085
2824736
2972700
3123669
3066835
3061124
2265451
2060124
2446073
2184540
2403048
2155508
2218941
2842041
2398052
2888351
2101874
3256138
2314401
2166496
3365670
2140233
2288850
2125714
2149885
3269990
2263459
3382710
2270021
2079410
3245055
2257912
3363813
2142465
2155028
2266369
2962837
2120186
2738015
2116103
2116057
2312360
2196603
3260500
2445310
2445190
2249626
2172135
2286564
2211076
2007827
2314185
2124688
2124726
3363090
3257797
2877228
3267628
2169282
2240637
2240696
3381854
2020246
2139391
3353044
2284774
2693860
2176653
3307662
2267705
3095878
3274519
2989921
2144247
2132257
2897679
2165546
2993813
2219310
2088819
2088894
2911477
2307022
2169746
2070979
2897830
2930641
3348172
2315505
2962624
3024288
2625440
3040410
2874644
3064603
3381323
2249081
2274426
2715015
3248658
3031373
3375102
2930056
3101835
2247135
2907712
3238164
2801469
3243052
3277445
2853361
3321703
2224640
2445077
3103889
2264277
3091465
3280357
3044327
2200481
3341950
2900670
2890410
3076342
2966840
2200333
2206366
2846365
3246000
2572001
3009203
2016729
2089866
2193167
2069156
2158086
2054736
2220520
2137194
2229080
2147076
2284944
2432404
2014475
2306336
2127040
2138050
2033712
2033682
2276747
2189674
2186500
2237300
2054396
2235463
2236729
2314894
2303671
2171198
2116758
2025809
2497840
2425718
2425653
2242737
2192454
2044650
2159252
2201143
2054302
2054353
3379744
2219778
2147963
2137852
2102625
2034883
2239230
2260344
2083981
2084066
2191598
2403170
2403110
2182742
2201810
2195410
2163128
2156148
2362058
2362007
2056364
2069830
2173654
2192640
2117452
2117479
2063301
2026651
2147122
2217490
2029820
2085950
2086042
2097052
2097133
2176360
2205033
2291088
2828936
2081326
2541912
2259273
2313260
2027496
2318385
2280299
2206560
2876647
2108488
2190257
2118823
2271940
2060043
2194864
2246740
2480760
3055680
2906058
2247895
2309491
2203804
2027658
2092824
2993864
2098180
2098202
2168529
2659042
2224976
3265200
2269414
2984652
2149184
2688824
2169819
2157675
2068230
2068150
2239507
2239450
2149354
2055740
2132621
2259125
2143186
2229897
2142449
2198290
2312697
2137020
2069237
2272890
2180219
2135868
2092301
2092271
2199351
2115824
2170639
2252546
2253305
2119633
2198240
2151642
2095513
2227029
2058618
3030989
2143178
2928213
2750953
2069903
2311453
2127652
2279860
2309084
2309971
2067234
2331691
3044726
2322919
3120783
2974401
2119200
2521881
3029050
3323528
2303523
2223279
2910373
2823721
2177277
2228416
2264064
2909260
2111934
2949555
2956616
2620820
2030390
3329887
2188708
2428440
3337596
3312143
3120899
2212234
2019078
2019108
2315572
2283735
2238578
2096110
2102340
2111349
2015870
2104946
2119528
2197260
3307808
2760827
3089355
2051630
2316404
2289083
2410125
3302032
2135647
2147688
2176262
2203693
2356236
2275295
2318954
2165473
2099373
3372235
2822270
2264978
2010410
3342352
3123960
2574110
3080757
3033295
2387018
2231670
2216124
2869632
2090279
3310280
2251060
2397625
2397668
2011220
2072300
2072289
2237253
2269775
2259397
2283832
2291800
2926946
2820544
2028271
2332582
2029367
2242761
2269287
2235790
2181762
2289792
3301079
3238563
3061795
2126257
2126168
2110741
2110750
2810034
2577100
3241416
2285320
2086719
2055007
2098059
3091600
2038587
3281353
2220555
2074702
2074621
2201500
2245639
2733757
2138484
2038315
2237474
2241625
2460645
2197790
2030144
3048934
2368366
2368285
2217791
2295873
2086360
3299538
2461188
3297802
2169274
2260824
2282488
2304082
2025574
2052148
2196638
2965631
2889668
3298000
2028611
2028670
2893045
3382419
2814315
3025934
2036398
2254298
2278596
2308347
2124807
2059606
2278430
2251760
3315762
3247953
3238644
2122642
2227797
2887592
2088185
2088240
2301016
2064561
2064596
2263084
2052431
2192950
2027399
2027313
2337290
2365154
3255646
3090272
2142481
2082632
2175827
2157950
3085953
2074117
2260255
2203464
2320975
2136759
3059804
2319560
2193892
2883457
3304604
3345190
3015912
2842963
3380297
3266850
3377385
2314800
2226839
3001490
2021749
2795809
2392828
2119110
2037521
2858835
3344509
2983338
2225050
3121011
2832402
2815249
2156601
2927640
3277135
3339130
3307050
3081907
2930420
3372685
2920875
3119971
3385507
2745682
3044785
3293890
2282143
3355748
3027422
3022447
3081249
3071642
3018610
3121160
3300170
2898268
3123081
3016137
3026434
2910233
2288109
3016510
3353591
3088774
2633230
2834006
2996812
3104710
2517671
2927870
3018946
2835991
3037622
3022544
2947897
3063666
2894840
3372650
2836181
3106012
3055442
2242788
3095894
2795884
3099580
2177838
2177862
3325440
3059561
2934442
3360849
2121239
2212358
3303047
3065219
3041212
3022420
2608227
2996561
2826984
3370372
3013146
3303519
3047040
3267075
3041620
2208229
2094908
2242800
2049635
3354695
2304708
2128438
3345432
2855224
2145472
2834685
2823500
2801515
3351335
2460530
3370518
3038599
3036758
3095592
3257622
2228475
2708132
3344100
2841274
2013975
2014068
2307383
2988097
3383873
2192764
2180995
2307111
2928590
3369625
2140462
2154650
2149281
2145359
2306573
2133156
2064421
2263670
2047063
2218011
2076888
2095645
3344541
2892278
2970864
2095580
2305453
2186870
2096730
2052113
2080818
2168421
2262223
2109999
2109522
2276186
2239515
2294494
3308618
2915731
3125548
2437228
3019438
2301652
3319512
2175371
2678136
2139030
2211475
2289555
2312603
2560321
2125765
2181274
3096580
2144948
2274337
2287552
2168405
2232324
2786400
3330737
2274086
2227894
2064928
2064952
2173301
2321661
3340120
3012751
2648865
2861879
2246961
2842017
2949601
2157888
2315980
2124920
3339793
2968185
3053288
3041654
2291207
2233185
3361187
2272300
2194716
2549662
3076466
3385140
2441381
2272652
2892324
2842750
2161192
2854554
2305879
2122871
2415640
2266288
3367215
2273268
3097250
2516250
2249812
2256029
2919583
2294702
2375710
2485567
2183374
2870312
2164280
2247348
3240371
3307379
2192527
2300931
2097524
2590298
3351360
3121321
2193671
3344363
2574438
2280230
2187310
2291037
2653354
3240983
2150930
3063020
2553864
2803275
3323820
2832038
3002985
2246198
3057445
2899434
2312115
2233746
2217708
2173107
2221187
3243320
2268396
2126303
2393425
2249359
2235846
2186330
2321866
2134195
2048400
3060144
2956250
2939002
2052024
2115778
2869241
2083485
2046512
2260727
2101939
2047799
2103087
3382451
3247864
2275465
2285096
3264882
2260646
2609096
2193523
3249158
3041360
3358836
2995670
2174278
3008720
3016153
3030350
2239671
2126133
2208890
3042553
2859408
3240266
2843749
2895145
3342514
3076997
3003221
2241250
2811537
2779021
3295427
3290786
2585367
2100010
2252066
2866668
3304426
2278987
3373282
2239752
3104974
2930307
2219042
2943123
3034232
2203065
3025764
2039036
2039109
2112230
2135159
2664739
2293927
2033895
2105187
3267458
2067099
2256673
2109506
2275040
2237644
3308375
2237598
2304481
2581620
2274833
2871866
2017733
3271617
2776359
3368963
3318664
2239647
2137453
2170574
2497670
2111500
2043041
2043068
2110121
2163691
2138123
2252791
3264351
2528177
2528134
3036839
2193930
3322602
2092786
2971550
2206846
2272776
3275124
2871157
3124916
2262746
2547392
2725908
2523531
2842459
2069636
3015459
3242595
3257061
3259803
2917157
2281554
2598752
3016625
2280450
2877856
2259958
2120429
2842556
2145626
3060845
2981203
3039790
2160471
2932245
3326497
2021650
2021668
2562944
3083454
3253767
2061554
2280256
2917491
2742586
3064948
2863618
2839822
2920450
3347214
2277840
2522047
2263564
2208687
2309297
2164930
2315700
2128780
2108755
2290189
2661934
3075648
3360717
3044246
3011828
2107767
2275929
2107210
2066831
2066874
2221420
3016315
2828189
3026027
2295679
2209276
2232146
2209705
2203154
2651165
2237466
2141469
2742195
2162202
2208440
2233258
2174383
2942992
2309157
2844192
2318695
2212080
2156393
2209128
2155125
2266938
2267497
2177528
2230089
3384888
2181509
2192934
2395681
2241463
2572850
2286378
3335062
3062392
2984806
3385388
3299988
2295792
2994461
3311104
3379876
3378144
2943808
2823969
2592606
2944898
3380270
2051486
3364909
2876191
2110156
2290030
2818710
2207559
2280841
2225816
2112280
3283062
2168707
3331504
2064472
2064537
2575825
2847612
2196158
2202778
2285045
2042711
2202913
3276244
2083752
2083795
3344444
2795574
2321750
3020223
3301214
2898187
2076250
2017849
2222965
2706423
3036723
2302195
2168189
2298830
2841592
2218631
3246558
3357830
2199327
2138603
2253623
3359735
2316048
2239930
2251442
2093383
2093316
3001164
2149109
2154013
2059860
2316188
2714396
2313162
3383482
3048519
2335778
2202409
3315320
3264564
3288684
2277034
2261510
2294516
2196883
2626969
3016226
2450852
2286840
2294044
2245671
2353504
3020789
2296667
2271079
2296446
2230658
2125382
2222892
2264072
2461382
2228688
2505371
2318644
2182165
2082004
2323958
2319993
2317087
2025469
2025531
3314286
2821680
2031507
2116634
2283395
3322491
3364615
2312921
2128284
2150964
2221462
2116308
2116375
2167735
2886138
2168081
2845938
2367351
2367300
3306771
2170361
2168251
2044137
2044196
2308177
2221012
2220954
2119170
2795710
2930390
2981262
3295060
3322840
2851210
3010864
2570530
2274930
2988267
2291380
3257886
3002497
3073548
2887240
2819201
2994941
2466830
2274973
3345580
3007898
3099644
3274730
3279901
3359921
3322718
2324385
3251489
3266087
2269228
2308908
2388685
2182254
2087804
2187515
2573652
2284898
2304880
2273942
3377032
3219461
3385183
2722844
3001369
2197707
2298856
2208326
2242842
2450160
3089932
2883449
2321416
3257290
3380173
2262843
2211726
2102153
2049813
2049732
2239108
2204827
2260450
2059975
2203022
2108453
2497395
2298805
2284308
2289873
2589885
2893690
2188554
3123197
2172267
2101076
2053705
2271389
2272130
2150956
2132605
3347400
3073440
2245698
2242885
2229609
3044491
2181371
2664704
2844354
3335925
2674661
2214440
2207893
2109140
2635763
2241277
2302934
2105624
2926997
2061317
2061252
2324296
2521946
2257998
3256952
2096323
2073463
2073420
2168642
2238098
2056623
2966158
2802023
2320819
3096343
3048780
3377563
3088820
2572249
3022137
3122727
2773899
3370178
3248194
3076911
3321762
2879816
2253119
2853906
2053977
2055783
3384195
3041700
3339882
3096459
2826933
2498189
3085848
3328902
3025586
3015769
2840774
2771322
3361250
2843013
2488965
3086399
2872790
3096556
3025284
2204916
3043991
2994747
2801540
3379558
3381820
3378306
3282538
2741903
2953641
3041174
3260909
3355675
3244687
3013693
3377768
2832771
2895226
3064875
2546310
3329291
2320207
3010449
2890852
3345530
3306372
2755173
3073530
3129756
3365026
3260038
3290263
2834650
2297469
2163446
3095983
2104741
3012999
3015521
3357619
2270218
2984300
3000141
2919915
2119021
2181347
2192365
3313581
3353249
2149567
2307308
3360768
3289885
2294826
2874695
2988461
3259544
2248115
2296853
3081770
2496976
3366863
2660857
2235897
3121739
3381374
2290090
2287137
2890062
2280795
3283542
2235528
2237083
2897806
3048705
2929201
2252244
2126389
3318249
2300036
3318176
3323374
3378187
3085449
2897415
2867800
3321304
2192136
2478560
2190621
2237407
2158388
3300722
3295826
2218216
3257720
2851113
3021114
3126749
3334767
2107686
2163500
2118513
2201577
3329305
2399245
2110202
2262932
2246007
2194805
2251710
2249600
2240343
2096706
2108860
2108844
2290464
3123510
3364739
2599627
2322331
2263920
2817713
2486911
2567652
3309746
2826852
2216051
2261910
2850567
2315882
3323056
2218453
2603586
2193736
2181860
3327388
3381927
2257343
2651670
2154137
2161931
2233827
2101432
2292343
2109808
2565480
3306712
2265877
3372804
2255677
3241645
2318342
2166291
2843102
2097958
2316285
2288311
2254689
2233533
2239795
3032205
2198754
2098903
3252701
2064162
2228459
2136295
3075079
3317188
2178273
2748045
2322986
2204479
3013936
3320928
3381579
3372413
2182548
3096491
2875896
2823888
3264440
3311031
3357872
3103030
3121879
3348261
2477220
2198126
2306662
3288315
3285880
2843846
3353656
2501015
2144565
3274870
2189135
3046184
2297248
2143380
2220318
2220407
3092747
2188465
2265940
3249107
3122808
2882329
2824779
3337065
2852101
2862735
3017877
2136805
2630141
3033538
2111497
3314553
3350134
2113694
2113627
2127776
2276232
2262258
2276895
2170809
2022036
2110776
2052741
2660512
2103281
2121921
2146797
2224879
2281376
3337146
2687372
2268949
2225310
2661497
2064758
2114275
2055236
2299941
2132486
2795515
2231484
2156873
2390752
2223724
2216329
2225395
2221225
2161621
2197553
2026783
2026848
3074803
2115930
2895650
2242958
3323102
2832291
2258706
2890453
2231387
2082179
2120593
2120534
2184567
2160188
2233487
2310163
2212587
3013618
2299550
2871475
2616670
2138310
2179431
2411628
2314010
2313960
2098385
2185180
2801094
2219395
2223376
2091658
3286983
2057859
2053098
3026426
2607131
2210703
3305660
3022528
2895846
2956829
2006839
2006880
3288544
2063921
2230488
2659492
2106396
2106361
2318318
2215012
2931486
2270420
3293815
2053055
2267918
2241994
2242052
2771071
2156563
2125749
2208962
2515580
2366061
2366126
2302330
2211122
3072754
3259781
2951681
2162164
2526166
2237504
2945240
2464365
3237907
2477467
2591146
2157462
2707497
2225735
2238519
2383934
2997657
2953846
2860864
2051184
2563169
2312565
2022770
2022753
2099853
2661314
2186543
2253704
3304515
2219301
2154005
2154315
2203090
2187027
2121069
2178559
2178532
2092352
2771632
2186373
2061171
2113333
2160447
2096374
3008010
3241556
3371832
2522802
2129566
3373860
2963469
2221020
3250644
2153459
3287815
3122867
3085538
2246856
2434440
2237873
2177323
2507145
2050790
2019957
2295164
3004414
2252686
2287307
2211211
2305810
2232391
2289903
2071690
2408074
2546450
2222795
2183064
3029506
2457091
3347443
2677490
3383989
3241980
2223104
2196310
2103125
2871939
2201674
3098540
2060639
2660253
2003791
2990652
2137224
2281856
3371930
2062305
2117231
2262762
3357643
3033236
2527952
2334364
2285738
2266504
3383229
2165198
2281708
2155702
2842785
2192055
2191768
3098931
2196743
2573440
3270696
3369978
2845067
2200236
2969530
2320126
2069784
2168286
3091430
2870746
2955539
2955628
2168669
3336670
2243040
3302261
2458403
2058154
2301482
3017613
3286169
2297590
3250229
2928299
2319217
2880768
2889277
2015366
2015420
3260682
2252813
2072505
3244300
3077136
2667185
2235641
3382052
2984520
2993732
2274027
3044521
2232995
2926083
2182122
2170515
3308111
2264587
2852128
2229412
2135930
2102714
2299720
2878453
2363321
2141035
2258080
2055856
3081010
2201909
2264501
2971640
2250250
2129612
2649934
2205831
3324028
3244032
2785099
2220725
2263602
2103036
3050319
3263398
2126958
2009374
2009463
2952491
2382717
3033716
2197430
2170841
3088367
2265621
2580934
2078694
2677636
2815621
3262782
2207117
2131749
2110016
2923947
2418410
2010119
2010151
2522187
2277301
2702835
2201267
3367851
2306778
2213885
2121271
2503972
3247040
2094789
2789051
2270641
2258366
2270285
3065332
3282015
3328872
2159759
3073823
2398125
2198720
2887975
3271889
2261669
2811901
2213605
2109824
2233169
2150719
3270840
2193760
2081440
2368757
2115506
2115514
2264161
2134454
2080435
2791617
3376494
2311771
2182521
2275171
2196948
2256134
2182815
3377369
2098130
2094037
3253821
2688972
3252329
2572338
2202557
2199157
2162490
2164485
2488760
2053730
2950502
2212390
2028433
2028484
2833131
2235773
2161729
2231026
2229463
2281031
2116006
2158256
3239349
2583046
3292525
2705443
2100711
2105691
2071460
2318903
2201429
2174944
2236648
2268078
2159864
3324680
2111730
2197006
2197030
2166046
2291266
2594676
2111314
2194325
2258196
3084620
2968096
2698781
2265311
2221632
3296997
2437341
2318210
2113902
2140187
2274140
2206994
2262100
3337448
2106701
2238659
2008165
2008181
3358607
3241742
2980460
3318311
2297990
3125114
3366170
2083507
2017962
3258416
2215772
2180790
2195372
2875381
2933349
2159899
2123428
2005727
3358186
2535092
2002159
2002221
2103494
2103451
2301539
2618052
2196123
3375684
3315509
2115441
2292602
2814919
3034224
3042758
2844516
2914549
2682478
2897202
2844915
2954168
2934175
2991152
3258505
2309785
2256703
2256746
2250292
2274019
2165627
2720760
2235218
3077195
2318024
2276879
2858177
2171309
2178923
3369269
3272834
3023869
2288389
2437627
2235056
3372154
2051907
2228521
2264358
2502291
2159244
3052214
2242192
2236788
3056465
2574934
3052460
2286866
3250792
2843463
3000842
2218100
2311526
2166747
2129698
3013634
2215241
2225298
3381552
2014769
2903725
3086607
2271702
2184958
2321483
2133008
2564564
3123944
2648156
2288079
3366286
3042936
2556030
2223767
2204975
2083264
2017180
2017237
2137542
2107538
3286690
2235099
2257041
2574683
2247623
3102688
2845490
3294358
2073293
3333302
2827174
3242978
3024342
2304759
2582732
2241714
2917017
2065584
2065657
2154285
2741431
3261859
3263789
3090442
2137739
2073684
2181460
2172259
2752522
2221446
2165163
2978059
2885263
2189828
3381285
2301890
2082063
2239949
2084252
2300583
2704269
2295407
2169550
2048752
2057921
2209837
2217376
2264404
2050412
2145022
2189038
2167247
2240610
2240556
2058464
2200848
2119145
2316358
2736802
2063352
3336883
2227053
2111560
2902311
2895196
3085589
3041484
2141728
2131196
2174030
2023970
2023911
2246112
2173069
2235609
2300435
2022990
2231468
2969912
2205122
2084554
2084538
2239434
3275736
3292886
3002810
2668599
2180758
2365871
2279940
3055329
2178320
3374947
3076490
2891123
3095193
2265796
2212188
2097796
3028011
2175479
3324150
3365832
2066360
3332136
2185121
2062275
2866510
2843536
3292371
2679396
3343960
3100340
3024202
3372642
3249131
3243214
2295105
2600099
3354660
3277399
3243966
3291537
2875292
3294587
3122905
3037525
2799855
2927950
2905540
3022927
3263819
3124932
2866587
3280837
2833964
3303527
2830833
3097951
2292491
3263088
3281450
2614197
2883570
2976935
3383148
2949008
2878330
2995158
3125459
2981394
2990393
3255174
3022994
3255387
2850745
3273903
2150190
2150140
2365790
2098970
2099004
3002632
2052997
3353087
2207702
2620413
3036855
3259226
2870878
2172402
2833867
3255824
3027147
3364810
3251128
3383679
3011720
2130114
3315681
3022374
3239764
2879778
3367916
3262073
3254658
3376370
2151120
2671719
3060810
2797615
3242773
3016587
2868636
2525313
3311546
3283224
3092518
2937603
3250695
3089061
3262626
3100375
2800705
3335429
3091732
3271277
3248542
2987066
3362884
3286835
2799367
2270234
2898870
3096009
2727420
2234386
2031221
2273063
2269970
2234998
2258277
2222450
2222388
2266164
2247666
2294419
2258439
2220628
2245752
2835738
2320045
2307561
2836807
3043100
2661705
3244792
2045001
2045044
3075893
2245264
3096769
2855038
2294109
2279100
2243121
2316129
2239299
2150514
2152720
2032260
2139014
2487675
3338770
2842262
2916860
2633221
2692309
2232367
2260514
3325849
2157390
2322633
2022842
3292860
2213680
2318130
2128373
2290782
2295911
3088553
3122921
2095670
2072688
3296954
3043258
3016170
2870770
2800870
2211033
2098865
3255344
3092879
2952904
2207753
2208423
2393530
2248077
2067129
3093034
2572397
2817888
2283441
3254976
2095742
2880342
3279820
2923149
3019039
2137984
2161494
2174472
2148951
2063514
2122421
3239020
2632047
2435691
3281663
2223198
2982188
2263726
2272245
3039188
2037564
3090612
3249700
2908492
2515172
3360407
3018750
3076849
3325253
2208938
2317257
2251507
2163047
3018210
2183013
2179512
2179482
3364437
2243172
2102463
2913097
2716810
2982943
3072444
2043246
2043289
2311941
2782375
3281299
3381595
3018539
2180570
2208989
2209063
2208075
2203383
2175614
3239071
2709490
2103672
2269260
2793148
2199793
2166151
2167956
2168006
3237974
2122286
2713870
3287440
2648385
3069591
2304821
2248832
2020475
2020467
3077250
2123606
2252457
2053357
3301168
3041832
3345742
2059398
2059339
2260999
2213869
2160455
2936135
2276810
3278727
2191253
2155290
2152550
2227258
2249510
3292126
3037177
3379108
2161125
2036444
2202387
2132419
2132354
2276305
2064227
2146533
2256932
2015285
2015340
2119102
2661101
2137720
2137640
2080265
2058820
2014360
2014416
3097820
3254232
2064677
2225433
2264900
2189623
2179792
2179830
2133083
3256251
2525003
2066491
2281368
2350610
2145944
2252635
2226618
2783266
2130750
2128527
2708485
2056755
2056712
2142937
2485516
2053136
2732610
2290065
2269554
3085139
2687283
2426196
2160544
2048558
2195607
2097850
2155346
2205270
2157110
2961903
2043203
2309220
2120259
2195801
2234823
3325938
3067645
2019124
2126060
2147394
2114925
2271486
2661136
2734389
2903644
2100533
2646412
2133202
3289109
2909529
2899701
3052877
2305925
2099322
2283573
2071215
3103595
2547864
2260140
2032597
2032635
2314584
2266610
2564335
2966662
2038374
2561310
2309866
2268507
2364140
3383946
2160226
3292762
2323966
3247090
2185954
2128446
2655179
2507455
3000567
3381226
2036576
2036517
2137577
2110555
2182084
2169878
2231131
2206498
2100096
2215055
2138204
2060671
2091453
2091488
2366959
3340783
2105810
2041286
2146312
2186179
2151413
3385078
2232421
2832518
2892847
2900963
2929511
2243245
2383730
3087921
2160285
2068052
2067528
2091747
2067412
2695790
2287056
3087840
2103176
2192969
2889781
2092395
3105210
2156261
3310957
2037610
2060256
2053284
2242729
3380998
2092956
2754770
2230992
2048108
2048159
2853035
2788586
3309487
2882841
3085805
3023079
3093107
2949105
3295044
2627140
3123820
2317818
3350274
2189259
2881489
2139596
2297876
2272369
2560003
2530511
2883937
2290960
2513056
2293994
3085643
2265966
2819414
2194180
2317753
2866390
3021955
2219158
2228335
2890216
2975688
2141400
2918935
2195682
2218780
2313138
2153580
2174111
2103966
2306212
2247020
2110059
2177366
2079259
2177161
2177234
3099717
2851938
3379361
3350096
2283557
3241050
3338800
2904330
3363619
3340520
3093174
3084027
3026060
2962608
3027562
3364534
2952750
3326870
3316068
2863910
2212650
3349918
2991179
3258122
3243168
3060381
3077756
2822547
2832968
3016102
2814390
2099152
2171554
2111268
2311194
3329526
2100916
3091783
2303809
2199564
3082105
2248247
2098598
2051400
2189909
2102196
3297675
2540940
2195127
2090040
3368360
2261391
2134527
3259331
3362620
3102521
3325040
3239837
3239993
2287528
3355012
2166402
2166470
3025713
2099578
2099616
2099837
2309548
3310345
2307898
2411350
2258838
3020690
2222752
2222663
2151871
2152606
2214202
2050536
2238632
2033496
2033518
2247640
3352226
2280620
2102781
2133830
2036312
2036304
2496747
2253020
2152223
2024225
2024144
2105470
3026736
2280566
3378039
2320363
2193868
2423596
2225883
2037670
2075016
3282082
2259699
2335166
2115050
2240840
2240890
2086069
3363040
2206935
3106080
2386135
2145081
2320673
2093146
2035200
3373665
2893118
2048337
3353877
3025780
2730014
2946580
2079020
3018830
2848368
3085996
2198649
3344622
2032538
2250101
2273527
2255871
2170191
2899256
2199408
2851660
2063042
2162903
2070499
2070480
2276844
2696142
2030187
2280159
2401304
3246701
2125471
3240703
2650053
2118092
2312247
2367238
3047784
2307642
2261120
2247925
2499479
2931460
2802805
2238330
2269341
2179172
3355861
3306607
2144930
2272946
2018411
2018381
3302563
2211823
3105725
2664593
3096408
3340201
3333795
3028917
2101050
3020398
2815931
3347923
2271621
3306852
2212447
2222205
2171848
2487578
2782464
3317811
3073904
2294788
2156725
2741989
3333590
3000087
2181584
2087723
3299341
2229021
3344991
3241769
2903458
2830710
3326950
3022056
2082438
2082446
2010313
2010364
2161796
2962446
2927233
2257661
2144840
2802040
2238870
2271460
2950570
2883902
2816709
3269540
3382605
3000940
2365723
3316149
2282216
2137755
2239833
2363828
2125544
2561158
2088070
2837498
2190826
2162377
2094690
2103397
2103320
2043599
3063100
2132117
3078183
2183757
2798743
3098605
3034739
2293528
2176165
3335186
3274721
2243300
3385302
3088014
2895501
3306879
2630940
3260283
2835762
2933772
2450364
3013383
3362264
2830663
2147599
3123790
3360458
2271567
2236559
2827247
3018857
3027295
3325156
3039510
2248344
2282550
3124738
2021218
3029204
3093239
3093271
2973073
3104427
2212030
3064450
2304252
3088065
3022625
3074650
3299449
3046346
2233231
3100960
3015599
3344754
2293188
3026957
3377318
3024938
2853957
3026825
2895536
3277615
3260860
3012522
2218895
3327515
3378837
2985888
2939584
2295709
2881888
3240614
2148528
3260119
2947510
3022870
2268124
2904489
2819147
3352021
3243575
2632179
2985691
2147254
2936305
2257181
2825333
2931303
3266907
2766663
3361438
2564947
2231565
3362035
2164809
2253763
3214605
2191091
2140020
2297540
2281961
2129930
2044790
2044862
2141531
2247607
3040437
2245817
2991985
2564130
2388014
2310619
3062899
3030261
2206110
2994860
2189879
2214539
2329409
2090775
2313022
2062933
3093514
3316840
2227495
2848813
2041022
2041057
2850419
3349250
2133865
2495112
3254275
2942585
2296020
2022389
2022435
2030012
2173450
2239043
2210070
2036266
2242290
3096289
2458691
2123819
2123762
2277174
2286319
2308967
2024055
2195100
2126575
2305321
2280698
3102963
2966050
2275422
3271692
3104826
2936658
3106411
2216884
2837986
2085160
2243440
2284626
2872005
2273888
3090531
2947730
2356384
2954753
2869403
3312020
2136490
2161427
2862344
2862581
2334631
3093433
3041573
3076156
2685604
3011933
2689448
2026716
3296547
2236125
2322382
3352277
2269163
2064693
2881233
2944448
2255723
2197766
2140632
2223945
2223880
2074087
2041766
2919141
3346242
2304414
2972093
2072610
2072637
2047861
2047802
2651815
3359450
2866897
3047156
3239934
3318290
3123596
2101599
2100983
3105679
2239728
2235471
2093030
2093006
2143240
2273616
2224348
2252090
2162148
2121085
3249654
2572320
2872072
2891352
2015650
2015714
2933934
2520389
2290260
3247465
3023524
2658739
2658682
2828669
2180057
2103753
2103745
3266079
2241145
2195879
3029662
2836645
3102246
2295245
2050978
2633868
2216434
2273128
3356809
2018004
2309599
2010828
2051206
2203650
2009960
2009900
2308665
2318393
2190095
2165015
2012685
2301202
2192675
2745330
2200422
2283646
2019833
2029774
3382192
2173000
2751658
3014525
2898551
2989034
3044980
3309070
2984881
2073013
3329798
2294060
2392380
3074757
2497883
3066800
3377970
2212145
3347338
2247143
2281422
2199742
2149753
2215330
2099039
2214881
3242730
2848023
3040933
2963833
3020487
3320006
3267733
3125505
3272036
2148749
3303969
3291308
3359689
2297329
2641933
2828120
2287609
2928183
2241218
2241242
3304906
2166569
2025310
2933411
2216361
3334392
2121972
2122006
2040956
2279436
2282054
2409488
2194546
2179121
3042863
3255727
2127121
2249944
3250385
2176564
3256278
3260402
2120070
2799022
2106302
2271834
2036215
2036231
2078490
2300109
3365115
2050609
2112116
3381994
2196808
3035867
2890356
2206862
2943972
2199688
2114941
2228270
2191482
2107279
2107309
2164230
2988577
2251272
2375532
2976200
2249170
3385000
2392054
2167557
2833557
2238489
3093646
2181975
2180979
3091554
3259510
2241803
3277852
2073854
2133342
2215888
2262010
2361833
3277607
2880679
2851512
3323110
3294293
2916681
2953943
2902370
3293114
2802376
2962918
2308487
3049663
2091712
2926482
2501791
2089408
2067919
2067960
3074552
2547309
2605198
2267381
2241587
2684543
3120821
3076091
2382504
3086194
2261154
3248461
2142856
2188414
2211491
2282836
2278197
2193183
2842521
3377865
2514257
3365468
2705303
2407159
2142350
2385937
2943344
3017435
3338703
3120937
2033275
2033348
2632110
3024954
2697181
2288940
2124904
3019896
3305988
2185342
2727650
2413167
2298252
2094428
2271680
2310716
2251256
2899671
2905949
2203219
2230585
2096781
2300400
2272393
2218330
2364255
2364298
2372797
3349756
2307820
2081024
2081105
2298864
2313383
2160013
3360954
2767996
2198010
2013290
2013266
2727358
2991381
2134799
2217848
2907658
2428717
2459957
2265826
2116146
2183838
2141752
2604167
2995379
3265552
2195488
2281694
2257106
3242900
3345203
2220784
3055787
2153432
2206200
3302628
2666227
3326055
2191377
2282445
2272083
2023199
3249301
2998327
2049341
2319713
2070251
2203987
2225530
3033600
3034348
3294226
3068544
2039184
2156474
2873613
2077582
2018225
2545160
2717247
2015153
3000109
2188147
2189127
2038870
3046052
2661381
2503654
3041441
3090310
2018110
2187833
2179229
3301591
2457997
2241315
2304570
2178834
2957140
2957183
2156946
2315661
2081555
2201194
3290620
2179105
2840162
2307243
2153890
2138727
2573911
2279738
3015220
2315190
3331539
2184630
2309734
3362760
3373045
2428113
2928787
3049310
3283968
2948443
2457334
3290700
2489147
3302741
2496755
3105091
2116430
3336808
2146959
3324087
2171406
2746409
2076047
3265170
2844435
2063794
2865980
2210860
2261936
2260026
2031078
2185016
2152800
2202697
2200546
2848473
2158612
2255928
2124394
3259854
2180910
3321240
2216205
2029600
2873281
2972484
2389010
2419629
2164752
2904730
2838664
2295474
2138824
2276526
2423790
2905973
2231930
2302128
2268825
2173239
2092883
2185890
2482789
2218038
2110598
2170914
2035413
2825791
3270580
2851458
3243397
3125300
3355713
3029310
2187060
3382460
2261316
3383610
3287165
3259056
2482860
3088103
2162814
2291410
3362353
2903660
3018733
2279290
3330311
3330761
2293048
2838877
3368025
2995760
3326136
2147343
2290812
3095282
2198002
2230968
2079143
2196484
2128942
2664100
3385426
2954532
3066509
3077276
3381307
3325610
2224224
2661217
2109115
2075121
2075067
2175436
3092780
3067130
2205190
2086620
2294150
3314006
2437511
3377245
3343855
3338584
3344029
2240165
2559056
2086131
2054272
2771616
2142953
2029090
2029014
2898098
2199386
2140675
3123693
2242672
2285525
2045656
2045648
2239140
2119307
2119390
3309851
2204673
3242420
3322769
2204657
2140128
2037041
3321878
2660903
2117550
2185873
2078287
3291367
2120160
2930153
3244172
3025640
3091325
2987821
2274582
3096238
3301915
2243695
2068257
2063492
2976714
2274663
2197057
3333094
2829002
2048485
2127547
2057360
2195283
2167468
3249743
3337804
3293726
3102360
2292238
2661250
3238121
3059693
3104869
2592843
2840316
2990008
2248921
2938626
2061368
2236176
2189291
2093995
2161532
2145170
3276325
2052512
2032155
2032120
2145057
2232812
3239667
2006103
2006057
2243733
2198991
2168855
2204207
2199610
2900556
3277836
3382249
2086689
3014142
2928370
2155060
2114747
2114674
2045729
2144417
2144182
2211874
2174510
2243822
2136414
2115620
2308215
2166682
2229331
2145774
2333830
2011794
2011824
2254964
2866846
2312271
2010895
2823632
2220059
3053890
2955776
2135612
2264951
3274837
2112965
2175312
2904004
2806045
3305678
2221500
3352366
3319679
3328988
2530244
3258971
3375315
3289354
2824230
3378560
3364690
3266516
3328805
2672340
3265862
3062139
3351823
3091864
3311074
3382575
3316335
3345327
3337367
3098192
3268713
3276813
2610990
3358739
3363325
3334716
3241815
3280543
2874458
3265838
2908964
2999498
3271099
2452146
2130742
2608626
3262642
2106566
2099543
2214679
2164892
2209489
3304000
3308979
2124564
2124610
2272270
2089629
2089696
2949415
2244144
2612020
2138271
2268299
3290433
3364860
2080877
2283255
2129256
2290529
2177048
2187990
2648946
2825759
3351653
2809486
2896818
2839962
3342000
2297116
2135752
2252082
3242030
3292630
2363097
2268272
2070855
3281477
2139472
3282880
2118114
2321602
2256312
2109212
2042460
2042428
3248364
2629151
2522420
2335115
2751356
2751402
2304490
2152304
2284103
2940175
2138549
2976498
3261484
2056291
2048957
2296772
3086836
2132770
2172682
3024059
2296098
2995220
3280594
2243903
2322463
2047527
2047535
2161702
2229935
2129906
2205475
2221721
2185407
2661047
2108224
2157659
2246392
2135515
3361462
2043084
2167832
2009773
2020858
2215080
2009722
3040003
2365367
2210428
2157713
2088584
2216507
2243946
2202875
2097443
2314266
2276461
2312492
2128853
2080320
2092905
2050854
2132273
2037874
2131811
3054764
2005000
2328631
2071053
2134675
2134594
2044927
2222558
2062755
2011182
2011115
2058766
2316889
2955849
2142554
3373592
3358879
2235943
2189500
3076750
2216965
2594935
2055902
2478196
2169231
2148463
2257165
2841959
3270483
2192721
2317150
2280035
2299992
2099268
2190729
2205017
2286955
3123260
2290685
2033399
2033470
3272885
3284204
2087456
2319500
2168553
2219646
2008688
2127415
2374552
2214610
2108534
3344975
2065703
2980592
2295768
2228025
2364069
2061074
2155990
2298953
2310830
2079534
3285189
2236150
2222507
2299623
2084791
2084856
2240475
2150611
2054710
2085623
2111233
2111179
2155923
2067170
2149460
2192659
2238900
2283204
2157900
2296179
2145561
2068125
2209314
2246783
2192160
2152851
2413698
2184028
2903822
2188848
2123096
2055325
2132800
2157071
2226766
3025489
2173506
2115468
2306972
2292947
3240606
2305054
2952122
2192780
2132524
2309050
2154528
2213338
2524244
2786249
2162628
2241870
2293269
2048370
2100401
2100487
2054183
2092034
2092000
2298996
2279061
2392704
3300129
2082616
2167069
2117606
2068486
2068540
2233916
2714655
2225948
2157179
2058014
2223040
2277115
2252341
2086883
2238411
2021536
2021609
2096439
2062100
2137313
2839539
3322092
2682494
2153440
2067862
2254980
2057506
2832356
2229129
2182890
2090350
2174693
2090180
2090104
2043459
2043505
3371476
2091372
2171384
3121461
2321912
2063760
2315815
2188341
2130289
2133768
2211653
2321610
2897911
2262487
3259447
2245892
2202182
2103923
2224020
2060612
2070812
2136198
2994364
2364530
2364557
2168570
2130190
2183684
2285509
2662345
3291812
2068001
2184338
3005836
2422913
2211858
3062627
2267250
2279207
2244004
2161869
2150794
3320251
2061104
2121832
2098750
2053624
2244039
2271532
2960745
3350843
2115352
3302369
2161150
2286521
3272400
2083345
2171996
2742675
2251035
2270943
2904802
2041421
2362120
2362112
2065819
2082233
2082306
2235374
2999170
2045940
2269864
2204401
2148129
2120330
3024024
2322609
2160668
2254824
2088126
2271265
2096153
2050471
2182629
2103222
2130416
2079470
2132850
2139456
2118610
2107481
2134411
2075938
2112302
2053616
2136384
3325725
2885999
3084523
2278154
2233983
2152924
2781450
2315947
3056406
2046474
2363569
2363500
2279673
2087766
2052954
2251159
2289148
2183145
2183226
2132320
2454459
2118432
2025205
2025116
2064286
2299801
2223309
3305023
2906252
2037742
2037823
2273594
2067676
2367270
2367297
2038935
2038978
2059525
2771470
2107937
2264838
2223597
2159554
2159503
2661829
2953064
3124061
2078775
2078732
2179571
2244047
2203278
2215950
2147769
2553473
2076683
2066556
2025698
2025736
2139987
3337715
2276780
2245787
2184770
2256517
2089173
2269449
2941783
2306697
2559501
2219476
3353796
2301148
2290332
2250578
2544580
2078058
2705087
2254247
2228947
2256576
2614758
3321509
2008785
2280094
2316927
2055635
2112744
2178664
2112361
2112086
2116995
2025434
3105636
2280043
2002620
2002680
2175690
2214717
2947676
2247747
2247828
3056678
2189755
2166216
2256096
2433621
2433516
2744910
2251000
2055139
2059177
2663708
2075857
2058472
2290480
2141256
2291878
2035251
2040751
2251809
2100215
2087030
2256622
2271222
2146991
2270463
2312930
2750619
2190478
3069834
2020122
2133415
3351807
2056224
2143089
2290219
2134764
2593220
2081644
2056240
2246635
2908077
2070626
2820986
2178389
2041731
2041723
2319373
2228840
2045419
2270072
2034093
2034166
2186039
2416530
2295261
2991292
3285812
2074028
2228165
2228092
2093944
3254984
2321343
2070219
2102870
2102790
2248514
2032570
2212250
2237580
3121267
2051567
2606275
2204355
2509091
2063697
2097141
2097192
2182726
2940914
2279649
2031620
2031558
2142139
2942640
2264862
2115379
2275759
2056585
2156660
2298678
2259877
2433052
3268217
2285355
2217180
2078830
2167808
2249197
2074338
2074265
2292050
2284014
3272109
2144093
2204150
2281260
2256207
3321371
2289717
2307928
2189437
2289318
3071294
2248638
2115247
2276674
2267985
2047896
2047888
2632233
2187787
2852594
3377393
2243636
2063948
2084511
2731304
2062690
2240777
3316297
2259265
2218399
3036910
2088720
2103559
3342387
2146614
2154447
2018519
2848880
2127911
2257920
2025922
2025868
2270161
2136171
2069717
3359727
3361098
2091313
3121429
2322110
3345351
2285584
3042448
2807530
2115913
3240509
2875063
2080834
2319306
2266687
2086433
2967774
3273083
3324656
3303721
2018764
2018780
3324273
3086810
2282534
2204185
2150247
2271192
3363430
3316130
2275368
2334461
2181428
2826755
2315785
2929961
3031110
2102951
2207192
2022346
2022303
2047993
2052814
2068800
2660954
2051338
3316220
2364840
3086046
3079678
3121550
2894270
3281140
2961393
2593629
3363392
2682753
3051129
2297698
2679710
2226812
2085437
3242340
2083108
2177587
2261057
2916665
2840421
2832887
2106965
2696681
3028356
2265834
2320240
2159775
2059673
2080397
3294170
2092441
3052044
2400766
2556600
2210932
3356477
2886251
3280276
2043882
2043840
2610485
3242412
3026540
2648334
2835231
3277046
3337570
2972956
2827980
2901960
2042002
2042037
2193485
3243290
2097575
2312417
2201658
2244179
3121674
2221390
3030938
2932156
2088002
3077802
3354857
3349152
2800616
3038270
3361730
3040941
3298442
2286122
3366413
2841568
3089703
2576171
3365190
3240436
3275574
3125874
2290510
3361403
2572605
3373355
2813793
3238407
3260895
3012271
3371573
3280195
3121801
3089533
2853884
3047601
2524031
3258068
3019977
2898969
3019390
2241951
2516640
3351521
2135230
2339129
3259676
3275825
3269043
3380912
3284638
2234424
2234491
2512939
3350460
2853795
3031764
2169924
2292742
3294749
2066785
2064367
3252930
2159325
2282364
2065355
3281710
2271125
3291910
2303876
2141582
2234750
3312283
3302512
2080605
3240061
2253356
2660610
3015963
2031736
2031752
3243850
3062775
3358232
3218503
3353303
3100774
2232600
2071827
2071746
2069687
2193060
2302004
2851369
2417030
2153416
2113244
2265117
2046970
3311708
2194902
2202263
2229641
2834758
2842181
3348156
3246353
3279049
3291618
3380629
2898039
2841800
3102238
3055205
3253864
3314863
2954893
2852284
2786346
3274411
3125076
3254410
2463091
3323293
2293617
2938880
2309661
3269469
3298426
3369072
2313740
2286475
3345084
3253902
3374580
2320657
2205963
2231255
2178990
3011003
2168820
2538164
2461935
3278913
3077225
3067491
3343308
2293412
2213184
3341534
2881446
2906619
2983559
3279880
3259170
2936909
3019640
3303632
2482479
3264157
2289628
3291650
3306593
3329267
2250446
2895030
3239047
2810840
2321106
2870991
2951070
3124894
3323943
2929627
2953773
2924986
2105454
3345467
3265935
2308371
3329763
3320987
2868601
2249502
3326012
3359760
3355977
2322285
2893193
2881918
3122000
2722275
2211602
3355250
2756293
3335828
3075508
3078698
3276171
2732750
2187973
2395550
3328422
2572567
2051753
2051818
2828227
3345882
3075362
3324850
2873320
2176513
2176521
2581094
2851270
3354210
2906732
3369650
3283526
2874580
2919923
3038009
3252817
3250555
3275469
3374289
3336700
2287803
3263185
3123367
2632926
3069303
2913160
2421135
3377628
3298760
3092992
3026310
2865068
2020548
2020602
3315797
2921057
2171074
2248700
3027929
2180634
2288168
3379485
2122359
2070081
2165813
2572699
3089592
3285154
2975602
2077329
2077256
2160773
2587173
3336859
3369161
3291340
2154935
2619695
2150468
3088677
3261441
3355810
3089126
2225212
2863456
3252523
2697530
3298337
3271803
2186110
2394138
3327523
2492792
3086755
3096165
2838265
2885476
3307069
2850583
3018377
3238768
2268655
2070650
2027739
2272849
2272482
2227690
3299082
2303604
2289385
2292386
3067548
2087650
2449030
3025853
2881101
2277670
2952831
2280892
2072181
2072238
3288820
2229870
2320339
2202484
2292165
2221713
2164124
3242285
2178613
3332233
2032333
2032309
2842114
2180308
2230453
2137003
2284120
3012050
3312305
2826020
3019560
2940469
3024822
2904560
3086291
2084228
2084171
3012328
2153130
3243460
3287777
2873958
2266954
3101495
3100910
2295997
3102505
2062020
3086356
2800772
3036278
3376796
3260054
3019314
2281872
2250071
3037673
2239310
2093685
2052601
2075237
2200929
2213150
2188988
3277518
2222345
2111969
2302624
2192829
3307735
2230674
2171902
3027503
3038866
3248011
2411245
3088448
3012077
3275000
2047187
2511894
2977494
2961830
2927527
2893517
2904942
2847353
2318237
3384535
3333809
2888203
2221837
3072673
3313328
2119560
2972590
2125854
2124505
2124548
2282208
2197537
2162270
3352994
3328287
3272575
2164345
2104520
2265460
2363895
2170531
3345831
2211386
2259494
2273454
2828073
2155222
2267314
2993775
2642328
3101320
3248968
3085694
2312140
3056570
3271862
2175088
2117320
2382377
2200813
3039625
2227142
2773058
2104334
2462117
2195275
2136325
2283034
3309657
2723166
2129523
3039242
2003627
2003708
2163179
2877198
2438046
2057611
3050700
3067521
2867885
2948460
3099261
3083713
2153629
2976803
2162032
3097080
3381447
3301281
2030462
2030500
2274779
2299860
2069474
3035360
3089789
2871319
3354768
2861798
3086232
2171740
2066971
2066947
2961547
3367975
2171112
2708337
2070383
2096170
2268795
2077515
2109298
2140055
2037416
2112566
2175061
2769859
3099830
2998548
3068838
3041158
3071790
3307956
3078019
3267814
3027333
2973430
3008770
2843587
2942127
3078957
2837650
3322858
3288242
2881586
2190052
3284255
2129892
2255758
2089327
2193400
2113996
2998661
2217767
3308138
2117118
2280760
2257831
2224410
2120674
2131080
2259613
2966611
2900270
3369129
3302938
3300048
2971062
3123430
2949172
3253937
3294307
3017427
2266547
3003388
2882124
2833077
3375870
2675773
3305260
2823551
2208300
2198460
2217210
3035999
2613948
2288001
3088995
2826399
3321002
3068153
2281945
2393646
2415836
2323613
2205890
2224143
2183307
2266474
2128586
2848554
3322670
3380696
2942739
2264749
2285711
2945053
2180510
2875802
3046575
3023435
2134276
3318915
3379302
3364500
2322099
2983192
2530481
2837587
2310104
2134071
2857430
3377083
3261972
3253643
3040526
2284707
3325687
2256819
3252302
2972654
2994062
2293765
2178800
2192993
2212870
2125579
2224518
2286211
2285975
2815680
3269930
3068986
3300838
2297370
2409038
2293021
2407817
2937905
3250865
2176114
2187221
3258920
2247267
2181738
3327183
2208091
2270838
2276216
2154986
3268764
2825945
2215381
2148234
2219760
2319888
2306506
2719983
2236036
3027880
2295458
2096927
2156288
3337880
2183919
2615339
3249271
2953811
2041219
2041162
2244209
2282526
2153661
2069610
2126478
2268248
2651874
2075768
2156750
2086506
2027186
2027232
2297752
2870924
2283948
3324486
2173972
3091171
2185091
2485915
2228769
2190907
2542064
2320541
2135809
3367266
2202972
2048388
3035638
2197758
2185261
2103524
3359506
2136104
2028328
2028344
2893479
3240290
2887266
2134152
2150220
2259036
2653710
2257432
2293170
2186314
2771233
2725746
2229536
3259064
2126419
2320380
2273713
2309696
2299020
2173344
2136155
2284413
2077710
2655462
2935163
2018993
2018942
2046407
3105989
2592746
2316099
3278468
2200562
2207290
3254828
2175886
3026345
2163420
2163403
2297957
2924854
2935279
2279460
2367629
2294591
2898985
2092115
2092166
2184150
2262711
2066890
2105802
2058367
2129035
2049082
2319420
2393794
2237016
3303942
2103435
2214768
3301044
3030881
2099454
2141280
2285568
2173530
2113961
3241238
3296245
3007472
2278618
3239411
2840464
2169169
2115700
2901463
2097567
2098814
2109050
2048850
3042057
2119404
2907780
2533561
2401690
2366525
2750740
2750694
2844796
2045338
3333558
2077450
2077361
2296470
2014629
2040166
2204258
3088170
3308502
2097001
3098567
2169142
3106217
2289512
3380491
3380491
2301822
2143461
2876779
2881055
2410605
2123738
3354130
3384667
2937107
3384390
2298309
3262723
3330133
2249430
2309343
2248980
3048322
2914310
2318938
3297730
2755394
2113007
2053411
2053497
2414163
2211688
3384756
2294125
2802600
3351610
2348780
2030667
2100789
2100827
3054837
2142333
2265150
2123290
2123207
3355446
2020793
2020777
2005840
2005921
2043831
2152479
2322145
2284855
3254542
2067153
3019241
3099768
2298279
3041735
3081400
3256570
2247992
2220229
2096633
2020670
3239322
3016692
3069877
2177633
2094649
2293366
2210100
2235820
2189771
2178036
3362400
2217112
2055945
3316718
3371670
3029581
2153521
2060710
2676044
2749688
2137062
2133610
2082799
2017105
2074133
3262286
2135973
2071894
2098679
2020726
2302993
2146185
2278502
2404630
2021382
2021455
2068419
2127300
2136589
2131420
2239612
2220121
2219956
3324621
3279200
2413469
2264650
2064391
3124223
2044544
2044587
2885310
2023245
2023300
2106671
2699788
3377644
2067609
2067595
2214490
3256073
2198410
2018241
2018284
3270980
2219883
2137054
2182025
3001059
2203391
2282380
2054086
2130092
2030799
2067250
2132133
2403439
2993139
2907488
2034417
2034387
2058308
2060809
3295265
2233606
2163802
2145120
3042960
2984750
2527162
2218968
2287820
3249948
3093158
3075842
3122697
2263491
2926466
2572028
2435500
3331695
3092372
2938847
2058359
3093417
2817179
3060772
3023885
2194937
2089050
2221918
3023621
2195232
2920212
2319071
2024772
3352919
3024474
3323889
2318563
3090140
2296942
2169860
2931630
2256363
2180820
2268906
2165953
2935384
2214261
2209969
3264025
2299070
2123975
3312348
2810344
2187477
2919125
3093573
2719355
3042308
2316560
2268183
3027678
2874920
2889170
3014444
2605392
2679337
3322254
3016846
2269643
2321173
2130653
2164035
2236990
3093751
2246252
3297063
2826720
2281465
2283018
2221810
2200309
2266784
2318741
2301610
3243672
3274640
2197928
2873990
2546540
3103811
2886693
2270552
2199548
2206390
2211408
2213427
2244250
2244322
2201003
2153270
3343561
2255227
2313618
2187698
2915812
2312280
2784050
2283336
2168057
3249506
3270270
2048221
2218615
2286092
2287226
2654113
2706776
2392933
2415917
2290421
2272334
3275663
3239705
3261166
3061833
2186845
2916592
2034484
3097072
2954494
2884330
2164302
2171910
2297833
2831724
2294265
3248054
3025543
3293700
2449978
3369404
2319853
2614111
2292670
2292270
2708795
2300826
2317664
2262045
2287480
2407795
2916827
2314649
3020606
2089807
2950146
3027031
2923084
2174723
3099199
2153025
2320878
2321149
2180448
3267903
3005160
2224577
2224593
2180561
3251012
3028852
2230402
2575272
2962527
3373959
2294230
3250610
2307391
3292444
2171007
2170965
2156806
2863189
2447177
3076245
2283522
2256959
2232928
2547023
2832917
2602920
2195011
2311607
2086565
2798549
2052890
2287684
3034593
3087468
2252015
2127334
2816725
2270048
3283127
3089851
2167093
2835835
2047420
2047497
3014169
2248786
2305577
2282305
2189542
3121100
3374890
2825147
2297221
2934663
2894050
2105080
2105144
3366774
2801434
2312239
3284700
3380521
3366510
2743752
2860406
2220806
2188325
2071134
2156849
2163616
2316315
3253716
2155184
2838982
2231735
2633159
2216604
2304651
2856476
2854490
3077853
2617080
3097021
2196093
2953242
3238423
2815710
3089797
2190338
2266857
2272822
2036592
2306000
2281597
2281120
3089045
2189216
3326284
2198835
2273756
2126818
3249360
2241102
2258625
2191822
2190788
2249553
3275035
2248166
2250837
2299666
2286742
3248917
2228548
3356850
3019209
2130726
2085674
2312956
2367041
2366967
2204584
2089114
2937468
2257270
2268728
2076438
2249723
2078252
2112876
2112825
3299678
2271354
2261685
2128233
2305194
2647850
3279502
2093480
2955903
2129361
2068877
2068834
3002683
2073641
2073587
2158949
2829525
2122120
2238241
2056909
2056860
2304023
2213028
2177455
2177404
2648776
3367142
2126699
2973154
2559714
2046725
2046784
2119706
2787822
2397560
2122596
2244349
2161575
2328275
2291908
2306255
2956543
3054080
2284588
2901498
2304970
2249472
2964821
2277280
2204517
2505851
2015536
2015609
2144212
3028151
2260859
3065278
2697106
2302462
2182432
3242072
2074885
2074915
2212501
2232200
2131609
2277387
2912201
3238954
2255375
2299216
2139251
2265990
3269612
2147610
2314100
3249247
2284243
2072530
2144727
2263297
2240408
2291622
2298376
2155397
2208180
3275442
2999200
2112582
3054730
3009785
2287994
2303744
2904411
2122561
2121948
3316920
3298639
2114933
2130912
2060426
2265214
3279286
2253135
2528363
2186756
2174898
2107813
2133970
2201321
2142180
2253429
2123134
2135671
3256790
2173743
2225670
2300150
2160072
3015289
2089416
2308010
2062836
2212625
2128730
2930609
3353141
2172321
3300757
3248330
2947943
2142279
2719207
2700794
2235153
2275732
3346137
2277891
2263203
2129345
2388030
2890151
2183978
2257980
2155680
2170248
3279634
3331415
2159686
3252612
2160749
2122847
2261626
2303558
2252716
2210657
3105512
2257580
2303213
2175185
2258579
2947285
2129809
2155095
2285231
2712121
2205440
2479613
2200759
2561484
2624958
2218127
2258919
3004511
2044900
3382656
2160978
2321440
2020890
2260590
2183510
2208768
2213818
2315424
2307960
2133903
3264750
2363488
2173182
2021145
3320057
2036649
3260410
2497344
2078015
2767660
2194244
2175100
2076020
2105969
2587114
2574209
2073366
2155273
2386097
2228610
2215683
2085690
2085054
2268434
2313782
2249863
2308703
2308673
2115328
2562138
2087219
2438895
2184273
2795078
2154587
2088355
2088274
2201755
3363996
3315401
2392763
3123928
2109247
2238675
2901080
2951274
2258781
2778955
2481774
2307472
2717328
2165929
2369176
2456540
2198576
2821664
2181118
2609932
2114640
2114550
2140047
2259710
3073955
2141639
2190133
2541440
2450089
3297608
2133466
2221039
2062194
2062232
2126877
2265729
2111705
2081504
3260984
2184044
2126010
2206455
2226391
2260700
2061910
2890178
2173905
2044480
2208857
2202506
2846993
2145383
2203510
3253589
2409925
2073005
2072955
2072785
2242311
2469855
2111667
2133091
2899612
2572354
2111047
2298422
2891441
2074559
2204240
3333906
2073757
2073781
2251825
2817217
2159147
2109913
2189321
3304558
2178478
2985810
2049821
2908808
2163365
2228513
2134713
2021951
2193817
3072924
2244373
2568721
2303264
2252384
2095840
2276542
2251396
2111390
2097974
2795248
2278057
2266997
2226863
3017133
2076446
2076535
2265540
2127458
2986043
2086859
2086808
2572435
2284367
3105890
3125173
2302381
3340805
2073536
2269058
2365553
2365464
2163993
2981564
2822725
2472376
2102919
2238969
2073986
2234955
3098974
3281922
2203839
2131110
2007851
2007908
2165767
2180871
3378101
2158310
2194600
2118378
2308851
2925966
2168600
2071606
2727609
2975068
2363909
2170396
2078562
2078627
3370267
2232839
3079821
2131684
2087308
3248429
2290910
2310643
2277379
2158701
2158655
2231204
2101289
2167590
2889307
2213940
2157896
2114259
2303337
2975270
2267551
2104903
2169347
2497743
3281582
3081265
2046644
2213974
2821176
2071088
2363364
2363445
2036584
3340546
2084139
2067048
2006170
2006120
2244462
2151006
2154188
3383806
2910586
2223805
2239710
2157780
2196395
2121352
3329488
2991098
2988518
3265412
2054981
2054914
2068303
2085097
2248263
2172020
2819279
2659174
3306186
2891638
2745100
2278839
2818957
3072835
2263378
2690179
2725347
2122944
2164833
2253828
2697700
2847418
2105829
2308525
2029960
2029910
2909251
2215110
2813599
3083861
2909901
3345270
2123401
2878909
2302780
2255197
2164760
2831236
2273403
2256177
3066045
3376907
2414589
2153840
3017982
2106000
2106019
2112540
2112477
2909154
2199840
2298503
2174812
2894483
2716666
2222116
2116901
2184907
2568233
2095882
2162733
2138786
3015033
2168146
2008114
2008130
2263068
2663414
2879700
2305844
2151731
2076101
2163250
2274698
2198193
2361850
2299127
2252562
2066629
2003945
2003872
2008386
2067838
2325055
2086280
2303183
3272923
2176009
2115107
2091542
2189992
3302229
2988771
2919362
2872323
3021661
2949750
2860872
3319423
3121216
3090060
3339653
2630397
3026663
2879875
3043037
2786605
2320770
2887029
3334317
3360350
2956314
2166925
2793350
2996910
2299976
2886472
2939746
2257718
2383071
2215985
2251337
3379647
2205912
2263793
2965720
2097036
3291979
2944316
2842696
2967189
3366421
2123363
2750538
3312089
2216868
3248577
2198339
2162059
3050785
2953161
3028666
2802368
3085619
2682362
3124371
3367304
3361721
2127490
3315118
2146118
2247224
2220695
2888980
2178290
2780828
2059630
2046334
2211580
2051460
2271605
2089459
2103214
2277611
2102110
2660539
2181061
2317575
3274179
2176270
2226200
2073552
2166720
2313219
3296610
3068315
2087588
2689723
3350240
2080761
2293510
2308789
2176238
2728656
2537362
2216981
2389444
2167778
3316750
2471205
2040255
2040239
2225638
2288354
3250822
2853663
3080439
2036100
2036150
2309939
2309890
2494825
2278359
2843315
2249642
2250110
2257157
3066355
2199920
2897032
2241862
2126311
2271915
2293579
3046877
3252418
2919834
2158035
2200791
2248735
2302489
2474379
2068621
2166780
2206250
2082578
3031543
2254760
2250314
2281112
2196670
2311844
2251663
2209918
2398630
2286637
3334163
2166844
2215721
2211335
2121379
2059134
3382311
2867419
3297160
3028437
2149958
2246694
2175223
3341143
3041298
2861925
2000849
2000881
3020819
3089169
2813270
2834561
2964988
2515474
3291707
3075583
3017370
3248119
3372898
3086151
3089177
3297128
3354067
2251892
2143224
2063115
3298604
2114224
2114160
3313433
3035336
3003400
2414929
2293072
2186250
2309530
2232260
3100448
2165864
2174340
3339360
2287323
2223538
2223457
3329607
2080524
2266750
2432277
2834600
2246473
2172607
3267547
2926571
3381978
2968932
2074834
2855810
2165112
2094185
2417995
2210223
3359212
2040840
2040913
2113368
2244535
2244616
2151340
3039846
3013294
2296250
3343480
2036010
2036061
3300978
2804573
3331857
3327396
2055996
2289016
2157837
3077586
3028232
3027384
3378977
2975424
3317722
3268578
3367657
3079392
3290808
2965038
2305666
2824892
3299317
3266540
3307492
2273357
3327051
3259595
3124770
3100219
3121356
3080633
2916380
2253208
2429977
2033224
2854090
2034441
2034433
2256231
2770709
3040178
2981602
3332837
2812720
2277751
2058502
2282470
2865335
2068753
3277887
2124335
2256541
2908689
2850508
2300214
2137780
2137810
2573725
3125793
2078350
2078414
2899345
2796279
3104257
2882191
3065758
3381129
3360199
3007944
2944944
2255596
2656043
2160625
2161060
2101688
2925184
2057670
2102277
2890615
2250772
3066410
2897296
3369552
3364054
2113104
2159228
2314983
2055465
2751291
2382156
3291278
3347869
3360164
2081792
2058430
2237822
2058413
2124122
2143992
2900939
2022940
2237547
2144778
2207974
2184206
3315380
2932776
2577089
2991225
2131978
2275597
2947218
2277549
3352846
3071049
2125978
2877040
3250776
2682940
2293668
3008363
2902141
2734699
2188619
2273667
2070340
2038676
2038730
3288498
2964066
3022706
3091236
2281090
2124998
2195585
2814781
3096254
2851334
2093600
2002515
2943174
2209616
2276038
2314541
2288664
2124432
2254379
2904152
2218526
2287870
3239950
2172208
2270528
2509598
2181894
2917734
3098281
2146010
3321266
2832860
2874822
2857219
2384418
3294773
3368157
2297183
3027210
2987201
2668980
2310392
2903210
3265765
2632489
3023320
2088690
2196204
2960990
2296616
2210304
2210266
2239892
2955121
2209411
3125777
2275511
2210169
2216833
2141981
2291347
2806207
2615630
2177706
2171775
2219662
3077322
2660407
2267586
2162598
2700743
2812983
3029999
2282461
2095920
2380366
2386216
3251187
2093120
2253518
2099292
2248492
2915022
2874903
2288400
2144018
2220881
2803224
3288161
2222000
3278654
2108372
2903563
3369170
2800993
3049680
3248550
3324745
2866595
2887673
3250920
2604477
3350053
3264599
3121470
3051820
3088740
3028062
3017818
3051510
3373100
3096947
2980690
2007975
2008025
2216809
2166372
2107023
2205386
3319245
3361128
2161958
2117967
3370399
3290158
3002381
3239152
3300870
2071860
2214059
2308444
2018861
2019523
2019450
2155770
2198177
2015269
2291541
2107155
2322722
2938413
2299143
2145367
2416263
3103269
2194023
2080710
2080680
3343073
2042118
2042185
2960400
2960427
2145103
2616858
2019841
2053519
3263363
3275779
3289419
2875489
2247240
2135132
2406802
2233673
2956446
2956454
2005395
2005379
2130840
2776871
2318490
2046008
3260852
2017679
2057972
2016176
2277964
2240203
2042681
2144336
2363976
2363941
2824094
2504979
2504936
2061430
2063271
2174243
2221802
3325792
3039501
3009041
3307301
2787865
2102757
2268310
3383504
3298078
2229064
2173573
2224283
2905299
2209675
2965500
2324784
2287404
2108682
2108623
3261298
2495333
2550261
2183129
2306867
2119471
2512130
2067447
2303434
2815222
2295520
2028204
2028239
2072840
2053780
2101106
3014878
2188406
3255921
2282704
3308553
2242460
2242397
2223627
2283239
2250055
2180200
3032388
2151472
2505070
2375656
3273164
2242575
2439999
2194490
2416336
3295389
3260240
2202344
2205459
2314754
2994780
2607220
2233460
2111853
2028050
2028123
2079186
2185660
3377172
2163071
2835584
3354296
2185474
3322998
2046660
2170884
2244667
3333183
2101211
2101181
3065812
3046397
2045800
2045877
2290600
2208148
2368579
2924587
2290766
2403625
2403552
2032775
2872943
2065460
2215837
2188732
2195178
2202638
2014165
2277140
2102439
3381056
3373029
2224488
2035588
3037746
2078996
2076608
2917238
2064782
2245477
2056470
2310775
2250020
2242613
2082721
2210398
2154153
2257130
2185792
2283891
3251969
2100495
2335085
2122774
2388464
2247372
2090694
2244748
2079100
2253216
2157330
2940477
2373009
2909316
3080862
2095068
2033003
2032945
2194368
2302888
2818418
2286459
3367355
2021030
2260301
2186160
3077926
2310953
2235498
2041812
2041855
2254344
2133024
2870053
2029871
2212935
2833700
3289796
2220210
2139898
2147181
2073064
3023362
2210746
3251438
2983583
2140845
3258351
3087557
3309894
2293692
2148650
2554429
3377474
2091593
2091623
3316556
2924099
2244829
2057786
2151197
2365928
2149583
2237733
2204797
2291223
2304139
2142074
2089483
2256924
2161591
2272709
2319268
2116677
2030853
2055406
2303132
2248476
3121658
2067714
2227746
2148218
2228009
2305984
2166100
2172887
2962381
2120607
2059444
3024555
3085910
2905213
2877376
2513862
2700573
2817292
3238695
2926016
2268981
2807033
3377598
2310988
2563819
2313871
2926105
3349241
2873222
2287757
2261197
3066908
2177250
2166992
2866188
2914395
2184486
2903083
2205548
3081699
3325130
3281698
2449129
3306127
3326241
2186713
2236354
3382893
2984210
3349764
3241483
2909782
2293439
2578085
3238482
3122085
2598221
3122131
2681528
2194643
3047350
3017281
2289938
2984598
2625369
3374319
3002411
3295354
2880792
2795825
2710846
3090965
3025497
2576546
2102021
3014061
3271730
2572443
3076687
2105870
2105861
2142201
2881624
3284433
3027694
2944120
2314207
2520150
3029140
3099849
3026256
2982048
3368203
3336212
3307280
2134845
3284042
2911760
2496917
2145260
2661004
2414244
2288575
2695316
2073102
2210495
2945894
3240193
2175843
2058596
3272028
3339076
2077744
3348962
2272571
3379817
2141345
2281210
2978180
2373653
2284871
2065177
2190397
2667274
2052687
2316676
2149389
2219557
3304132
2101521
2298546
2306166
2129990
2318091
2255693
2627337
2236583
2139812
2825082
2146851
2127610
2216140
2318407
3083535
3362850
2310244
3379272
3291162
2296535
2285827
2065878
2917211
2184664
2021994
3020967
2284979
2968975
3270866
2297353
3070204
3076296
2917378
2121034
2275864
2274310
3019144
2577305
2771969
2306468
2454360
2054230
2259982
2045109
2150867
2140888
2563681
2147866
2102374
3253287
3361950
3014320
2240270
2175339
3258726
2292475
2961750
2364670
2364611
3079031
2858320
2241358
2266865
2106191
2296292
2968924
2102528
3279367
2385724
2184109
2120453
2308193
2457474
2059215
2317184
2216655
2244853
3314731
2111632
3369048
2017520
2179326
2131455
2203847
2047632
2966786
2172534
2280957
2109280
3251721
2013118
2013088
2728710
2836033
2114399
3042693
2986310
3337553
2297027
2496933
3020533
2292769
2032503
2032481
2190923
2301768
2318423
2208784
2188198
2319179
2278898
3258866
3121909
3085937
2585022
3099903
3292193
3381510
2059088
2158876
2218291
2064863
2101548
2319748
2880741
2034590
2034522
2152380
3241246
2873931
3321916
2146088
2449927
2003090
2003112
2084600
3381757
3344142
2214334
2059240
2079747
3099970
2317559
3320502
2969262
2841509
2985551
3085732
2160250
2148811
2991632
2188759
2871785
2178141
2226987
2088614
3344703
3064050
3336646
3074358
2801752
2305534
3028976
3376320
2982560
3265706
3016099
2167913
2313545
2095521
2143003
2092603
2092662
3275906
3011658
2072106
2800624
2862395
2069024
2244934
2167280
2056305
2144506
2018608
2018632
2160820
3124835
2719940
2297078
3319598
2270765
2205360
2141310
2157314
2224720
2224801
3015343
3104508
3008282
2224097
3347494
3088316
2150026
2831902
2830868
2154692
2136694
2136716
2299275
2244985
3371441
2216299
3300587
2152045
2833778
2172917
2912120
3307158
3071545
3353206
2718049
3290018
3383725
3384101
2951002
2199580
2157292
3006840
3103170
3271382
3319946
2817853
3384977
2877481
3269370
2941562
3330923
3014800
3373169
2855240
3256316
3327892
3319458
3372278
2878542
3004082
3014274
3251560
2713608
2293641
2219182
2312883
2158116
2193345
2695634
2263548
3342921
3032574
2396076
2135396
2138425
3103196
3028224
3076423
3239608
3276961
3027120
3370682
3251900
2293960
3022196
3088618
3074773
2772078
3357708
3088472
2239574
3278409
3356914
2941236
2863057
3262308
2801680
2877430
3382354
3086062
2656590
3370097
2878429
3361322
2877112
3276619
3227049
3088162
3352803
2868750
3011216
3122255
3331903
2296969
3252736
2810999
3242510
3063216
2037203
2037289
3035913
3378888
2665093
2938936
2454599
3334945
2207362
2131323
2232057
2935465
2177978
2238780
2106507
2106450
2070758
2070715
2303868
3280969
2703831
2136074
2897520
3281035
2159031
2159066
3241653
3078361
2085356
2142694
2298759
3036103
2093227
2172801
3299899
2070871
2260115
2120712
2120763
3283038
3358089
2067706
2067684
2452871
2140373
2718413
2120984
2150336
2078180
2036860
2140543
2151936
2128187
2996138
2149982
2195780
2905132
2047012
2191148
2096218
2150050
2170728
2545250
2062488
2434156
3377709
3330249
2431106
2252260
2671786
2580403
2986434
2127172
2187400
2168995
2169061
2238560
2182769
2103877
2246546
2078210
3256723
2974061
2065410
2023636
2090805
2572176
3079333
3381714
2268329
2984709
2941147
3275680
2221780
3371514
2838753
3017770
2480131
2250659
2882760
2987473
3379256
2840863
2618087
3251217
2178710
3016331
3088901
3078566
3092593
2896524
2799464
3098834
2213737
2810778
2805006
2803143
2818035
2311011
2822555
3297365
2311887
2261766
3367690
3090353
3270564
2830000
2279584
2683970
2874989
2091569
3013170
3012921
2150271
3033457
3059553
2245051
2175657
2706024
3263460
3334236
3338576
3368386
2995867
2063875
3276570
3256960
3351866
2979349
2199122
2277506
2300613
2930226
2277913
2095203
2095114
2260239
2177129
2314851
3273571
2125811
2823594
2206340
2080087
2080117
2126702
2257505
2187949
2176963
2039389
2122189
2122197
2269023
3104630
2830060
3094502
2258994
2264765
3243524
2936267
2728214
2724170
2875993
2060973
2060949
3104354
2226340
2695030
2093880
2717077
2842424
2816377
2607379
2388146
3330834
2168944
3320421
2163713
2885395
3086178
3244407
3249921
3067688
3326667
3016447
3352420
2970350
2870185
3266176
2208547
3031780
3079082
2866242
2945592
2395304
2710722
3342638
2862000
3027635
2677342
2205742
3051323
2948117
3291570
3375455
2209241
3330966
2841827
2288800
3304647
2090848
2896630
2983478
2126508
3020878
3000028
3123723
2248425
3028771
3305155
2294346
2241528
2295750
2955156
3276015
3097382
3373223
2295180
2871416
2386968
2044277
2814048
3376176
2332183
2881691
2280353
3248895
2168448
2134349
3152405
3100570
2176734
3016340
2877732
2213516
2237890
2311380
3239454
2276119
2950596
2965593
3010775
3366758
3023770
2190346
2318580
2315114
3020916
3005763
2308231
2373459
2313057
2976854
2117754
2117711
2862816
2941864
2290839
3378659
2277255
3049493
2205700
2567318
2201372
3018113
3302822
2932660
2084929
2197200
2196182
2313235
2999684
3368173
3041670
3344207
2267233
3252990
2296462
3068471
2844214
2999552
3094936
2694239
3122263
3122336
2226537
3251349
2865998
2110660
2304228
2158795
2230739
2965836
2134004
2099438
3051269
3291863
2180928
2236435
3107051
2924218
2238764
3039730
2205920
2291126
2803909
2262541
2887843
2659808
3251659
2164450
2232960
2078929
3167178
2141175
2981831
2186683
2186640
2251930
2999617
3303870
2965674
2071100
3259390
3087115
2293153
3330354
2863650
2862670
2294982
2814110
3092933
2814536
3076636
2376814
3336069
2277450
2053861
2053888
2266431
2815389
2135485
2119854
2175550
3372979
2586720
2572087
3093204
2169355
2321947
2394537
2700107
2815281
3336000
2881519
2226103
2288486
3122417
2215217
2204312
2273217
2250438
3079538
2985357
2128667
3246795
2153726
2090074
2088916
3077055
2035650
3024628
2036819
2254743
3263118
2385988
2023415
2023474
2877589
2317052
2175401
2640937
2275104
2317419
3365417
2226677
2282763
2889730
3122310
3098176
3086526
2814021
3318125
3020169
2297671
3319270
3076121
2319136
2874512
2882400
2252465
2191008
3260330
3011380
2265389
3013456
2196778
2992027
2824850
3014347
3372375
3020711
3243818
2842645
2874750
2212811
2882256
3355802
2826330
3009270
3102041
3368130
2825180
3026191
3022323
3376419
2141817
3023141
2979110
3016927
2174782
3023729
3305201
2221667
3263690
2214024
2278324
2182696
2434636
3361039
3338886
2826810
2095971
3322530
2170159
2631806
2929066
2296519
3021823
2388260
2388324
2570947
2574284
3026850
2907569
2022230
2022257
2179407
3354466
2203561
2231760
3120732
2669382
2287633
2081253
3077373
2146193
3014509
3376265
2143542
2221284
2230879
2151278
2167450
3261670
2843137
2824159
2896443
2545691
2042614
2532751
2191750
2124041
2092514
3100308
2826135
3310884
2490242
2898357
3264360
2311690
2229811
2012570
2012600
2920611
2183544
2923246
2831139
3079260
2102188
2183110
2774410
3125637
3327450
3349071
2159627
2146665
2114534
2114470
2276607
3030504
2190524
2198088
2267829
2744236
2313049
2255308
2313693
2194775
2110300
2110261
3378470
2099942
2099870
3284220
2118912
2909146
2245124
3069311
2210053
2234521
3250954
2275970
2912244
2254840
3260216
2233070
2180600
2227940
2086786
3321614
2802147
2885727
2888629
2797020
3278352
2155583
2963108
2405547
3237818
2171104
2471698
2261596
3039552
2918056
3261735
3050360
2624893
2135442
2315343
3247368
2312816
3100251
2933179
2096560
2208385
2186934
2211955
3383520
3255786
2525836
3377890
2611732
3264335
2301075
3335771
3322432
2274710
2286718
3102300
2626250
2975173
3307000
2667703
2424622
2886405
2305658
2234637
2214741
2526336
2532603
3021742
2985268
2317893
2023113
2023121
2521490
3301303
2235293
2258960
2232448
2031825
2993635
2307260
2129108
2319837
2725029
2184826
2903130
3038408
2366576
2366622
3055981
2215420
2196239
2307740
2227703
3011852
3087301
3037002
2254026
2253950
3077217
2208628
3300277
2204509
3268357
2265699
2177730
2178044
3081214
3374009
2996790
2900114
2815087
2920018
3067017
2612666
3090205
2974533
2412748
2180545
2300680
2116464
3272800
2040492
2040557
2908298
2264455
2107589
2238217
3280012
3265501
3023559
3381650
3355373
2800241
3290360
3253260
2985861
2283883
3384608
2601079
3105148
3044696
3329038
2173387
3281175
2234912
2752883
2164159
2194732
2227916
2151561
3343618
2217031
2190575
2476207
3071359
2416026
2110997
2230852
2230780
3365654
3092682
2195763
2259532
2250373
2191032
2963701
2877341
2074044
2209195
2783932
2252660
3029930
3106438
2071525
2274850
2304350
2267454
3350150
2393123
3248259
3287955
3372120
3100030
2321785
2254549
2388626
2985497
2540444
2197383
2149613
2074745
2771306
2771268
2802686
2391872
2391805
2919966
3271200
3017710
3356078
2023326
3005356
3009467
3122590
2867982
2172941
2020955
3239241
2114984
2878364
3238318
3274764
2052270
2159384
2057794
2104083
2104164
3304736
2058898
2180278
2143330
2039338
2039257
2058855
2017890
2025604
2025663
2103648
2129388
2205661
2084341
2147939
2143771
2081580
2139057
2295016
3238440
2064049
2064090
2199238
2291460
2807050
2187159
2890720
2159937
2145855
2071940
2266571
2788900
2827824
3270378
2611171
2898438
2708299
3266443
3050939
3296962
2576120
2875411
2114330
2046245
2046156
2201615
2046920
2046849
2100029
2064995
2065088
2024330
2097788
2075920
2286335
3085066
3345963
2099110
3074692
3062732
2234548
2572931
2302250
2649780
2255537
2745895
2236451
2545764
3239004
2076950
2231328
2909367
2910705
2324946
2095556
3042650
2975084
3325083
2829290
2228807
2257858
3300480
2824477
2503166
2261499
2158590
2421348
2155257
3364330
2276950
2946920
2151812
2549123
2161745
2275228
2999420
3384462
2643065
3239527
2216485
3091376
2997797
2293854
2285924
2042703
2288877
2876701
3093344
2392810
2658968
2093669
2279401
2262150
2174170
2284499
2254719
2263165
2309572
3329666
2181843
3090728
2146894
2280370
2876914
3257592
2187604
2309769
2118556
2089572
2300290
2254050
3094340
2101769
2209560
3252167
2215810
2820927
2297094
2143690
2316242
2939959
3306445
2514907
2214385
3321185
2191300
2508010
3379493
3341852
2229790
3030792
3008223
2451697
3255433
2886855
3384420
2608120
3031616
2292998
2917580
2654792
2899361
2232642
2253666
3070450
3107094
3021467
2058332
3364267
2963973
2528681
2415232
2255804
2304155
2183358
2215152
2248573
2196557
2634449
3245900
2265583
3314855
2207249
2363658
2164507
2061848
2161362
2167166
3052583
3034364
2302551
2662698
2232510
2087545
2101416
2300362
2540126
2173379
2141248
2195550
2251175
2992124
2207184
2373440
2267624
2162407
3325890
2043190
2154803
2135310
2250748
2194473
2293803
2173719
2934981
2421461
3257703
2217953
2204606
2428628
3284670
2856026
2083094
3290182
2858916
2261340
2852144
2269716
2997193
2123541
2904675
3239977
2305887
2261359
2721147
2299399
2275708
2101351
2249065
3379698
2277239
2169444
2361884
2458012
2645009
2213117
2164655
2538806
2900840
2541165
3222969
2138956
3080129
2632713
3272249
2319632
2943867
2219972
3122476
2073340
2933284
3356558
2060191
3257401
2022702
2022656
2238390
2123991
2255146
2012987
2013029
2288427
2891271
2239965
2245930
2289431
2242125
2886103
3077420
2320282
2121174
3285995
2164418
3034054
3251683
2063328
2245485
2027445
2027410
2316765
2316803
2080893
2246155
2215616
2419475
2183102
2093197
3324320
2217457
3039390
2157004
2299291
2430959
2275031
2258064
2227436
2254620
2293307
3086453
3028739
2117029
2200201
2176874
2212293
2308290
2259478
2247054
2180383
2887290
2299356
2758156
2821656
2196425
2221489
2231603
2206323
2257904
3050157
2146622
2166348
2157624
3042618
2212692
2814072
2227606
2815745
2596962
2974975
2669951
2022150
3220060
3233022
3253112
2292599
2670640
2207834
2122081
2592576
2150123
2472090
2562324
2222060
2946173
2259800
2250926
2237385
2301970
2234696
3016064
2285436
2072726
2295890
2089980
2089955
2169983
2113708
2974100
3094634
2812525
2667169
3122557
2741474
2954656
2497220
3089207
2297701
2733609
2992221
2872757
2823764
2287064
3013375
2833859
2162547
3037860
3072568
3003868
2899205
3253538
2669978
3353702
2436132
3313417
3304353
3337693
2323400
2755610
2310899
2185750
2081296
2778459
2024489
2299470
2260913
2150387
2138387
2148889
2183439
3041891
2245388
2077000
2697084
3379094
2782707
2749793
2165686
2714205
2302853
2113732
2130564
2113848
2133296
2939444
2218712
2265885
2877767
2255413
2208482
2578875
3067190
2987562
3308928
2868385
2315629
2866412
3079643
2435365
3259129
2972360
2999765
3288625
3384586
2497484
3081613
3358640
3008657
3247570
3066223
3103285
3313948
3350231
2938081
3269310
3021203
3232824
2939258
2309459
2277077
2365022
2165490
2151685
2021820
2134217
3041026
3028399
2866781
3323684
3277682
3027821
2834472
2844770
3368572
2905680
3366570
3104460
3247287
3349330
3014410
3315584
3331601
2816830
2870266
3268977
3291294
3384411
3121968
2916746
3384802
3293440
3103943
3287750
3027961
2977745
2982242
2142767
2142732
3363589
2844737
2919338
3079163
2913623
2849607
2829487
3096882
3041115
3095967
2952815
2295601
2924900
2280523
3280071
3358151
3025020
3097790
3125718
3360911
3017680
3237834
2141302
2102366
3011437
3241335
2844850
2256266
2934264
3287874
2268400
2944375
2521938
3331245
3298620
3003639
2191423
2973570
2917866
2295954
2302420
2250896
2081946
2153300
2015790
2262177
2903873
2215470
2065495
2553910
2085712
2085798
2261898
2101165
3342417
2829380
3304035
3249212
2937620
2883406
2520877
2926245
2391562
2245884
2058227
3347532
2364794
2364832
2239590
3006727
2071304
3240282
2906856
2153777
2125617
2936330
2179288
2144433
2306522
2185547
2911841
3249565
2110504
2253909
2058081
3358909
2238144
2019213
2594820
3330656
2868326
3351050
2303060
3284247
3034615
2173271
2085003
2258056
2154862
2996057
2510421
2118750
2972824
2044056
2044005
2066700
2974045
3024660
3262278
2271036
2181207
2253186
2251019
2553392
2286050
3298051
2918005
2082900
2564475
2312514
2187850
3380777
2405458
3012697
2073226
2073153
2368374
2292823
2109727
2241650
2131927
2833638
2172755
2132060
2617285
3266796
3096840
2496534
2497271
3321894
2866200
2842300
2291746
2915472
2238314
3248739
2767392
2260417
2313642
2843358
2261839
2367084
2254441
3054357
3321940
2280310
2191806
2213400
2156067
2265931
2172437
2200082
2237962
2873672
3023095
2230003
2990202
2892499
2861933
2846268
3322165
3122506
3075257
2813459
2840839
3244253
3123006
2733420
2609312
2365677
2365618
2501724
2116227
2307529
3249883
2217910
2829770
2209225
2085887
2144638
2261286
2149192
2904292
2192217
3240754
2727250
2203235
3047296
2317516
2126605
2119951
2119943
2227177
2189950
2662922
2229307
2262312
2253526
2275651
2216647
2164574
2305291
2232731
2303116
3323595
2072882
3284387
2110865
2648571
2073919
2968835
2111799
2258668
2117932
2183617
2065142
2192870
2221691
2978350
2445620
3385450
2088398
2016095
2267799
3267156
2173336
2281546
3013219
2128128
3380351
2296624
2034760
2038463
2038510
2137259
2207508
2437430
3259293
2061686
2852543
2336286
2835550
2164060
2097281
2097354
2173786
2855089
2313499
2294672
2909405
3046699
2305127
2851008
2292556
3106845
3022269
3022790
3269906
3342719
3331199
2319667
2670151
3095444
2202581
3254011
2061503
2110920
2129183
2208008
2276666
2139715
2471736
3303446
2875888
2263009
3069079
2297647
2871300
3076571
3367568
2070308
3377687
2257793
2486229
2214121
2836580
2287927
2101149
2711648
2063204
2872153
3065391
3250300
2018187
2276208
2324628
3286290
3360830
3347257
2131870
2107970
2125226
2097710
3303764
2176432
3123286
2979705
2308460
2832445
3321738
3121232
3357546
3049795
3343200
3065898
3286770
3267245
2830132
2270714
3015831
3121615
3352145
2288729
2147165
2948966
2179962
2179890
2094584
2364042
3087760
3308014
2266229
3271307
2951410
2319004
2167395
2238195
2028549
2966875
2167352
2282283
2263130
2926385
2936526
2017750
2826895
2082667
2192403
2042967
2460670
2386305
2314487
2292858
3249530
3020045
2008858
2008939
2129701
3034267
3378365
3096092
2154374
3016960
2059770
2140756
2222817
2904659
2905388
2364964
2907089
2276348
2241021
3122654
2291975
2040476
2771543
2123185
2372320
2551012
2191628
2053322
2048183
2422492
3371700
2245213
2213001
2568055
2114380
3340252
2167646
2045575
2233371
2226430
2138433
2251108
2904985
2275805
2817462
3277771
2873141
2158400
2252953
3244865
3069397
2258161
2414490
2235854
2184710
2819988
2298708
3298299
2211939
3073467
2940574
2556405
3379469
3382117
2281660
2233312
2233363
3302997
2464535
2252899
2189356
3338851
3105253
3028305
2949660
3122212
3037053
2188929
2171481
3096696
2843544
2193205
2692872
2231859
2778670
2425270
2227487
3251462
2847779
3339912
3100855
2172119
3340015
2934655
2727595
2100150
2202883
3380190
3013723
2227584
2827506
3337197
2079887
2079968
2177790
2065924
2065967
2186608
2960516
2526441
3295516
2265028
2209373
2834340
2149150
2007215
3322130
2077809
2077884
2316625
2205599
2154102
3307786
2097907
2383918
2272024
2254883
2131340
2278707
2093820
2040409
2040344
2321270
3026507
2797887
2045265
2207613
2939991
3013545
2158485
2069393
2069407
3261700
3348954
2266075
3376770
3286940
2011590
2011654
2313405
2646480
3369358
2314363
2162326
2162300
2424096
2096544
2830990
3269698
2866153
2867915
3013863
3091180
3301630
3089290
2080192
2090511
2056283
2168332
2219824
2283050
2067005
2131056
2301725
3250164
2389339
2113538
2179717
3314413
2191865
2261081
3383300
2226022
2315440
2277026
2012235
2130033
2186403
2391619
3362647
2286033
2008343
2008378
3244881
2225557
2213087
2117169
2100703
2090449
2322846
2090023
2006472
3078760
3266982
2158191
3382524
3006522
2881179
3298701
2090600
3338835
2069768
3010341
2851598